100		0.00303705	0.00017666
200		0.00203029	0.00016973
300		0.00261463	0.00017849
400		0.00211609	0.00018149
500		0.00286198	0.00017331
600		0.00236088	0.00018268
700		0.00233946	0.00018422
800		0.00209531	0.00018336
900		0.00277942	0.00018158
1000	0.00206064	0.00018492
1100	0.00261872	0.0001786
1200	0.00224983	0.00018305
1300	0.00212951	0.00017112
1400	0.00263538	0.00017593
1500	0.00229735	0.00017408
1600	0.00333406	0.00017106
1700	0.00185986	0.00017392
1800	0.00308406	0.00017968
1900	0.0024139	0.0001707
2000	0.00346252	0.0001685
2100	0.00233102	0.00017619
2200	0.00300418	0.00017622
2300	0.00299713	0.00018021
2400	0.00249361	0.00017652
2500	0.00301234	0.00017822
2600	0.00252832	0.00017683
2700	0.00291084	0.00017985
2800	0.00228142	0.00017722
2900	0.00293288	0.00016933
3000	0.00290331	0.00016487
3100	0.00244257	0.00017896
3200	0.00308347	0.00017955
3300	0.00224021	0.00017932
3400	0.00406677	0.00016694
3500	0.0024107	0.00018215
3600	0.00308789	0.00017713
3700	0.00254985	0.00017741
3800	0.00371395	0.00017532
3900	0.00232854	0.00017724
4000	0.00339846	0.00019039
4100	0.00333789	0.00017329
4200	0.00257446	0.00017077
4300	0.00357223	0.00017526
4400	0.00210918	0.00018076
4500	0.00332032	0.00018021
4600	0.00253433	0.00017889
4700	0.00330336	0.00017431
4800	0.00248303	0.00017438
4900	0.00346985	0.00018958
5000	0.00221831	0.00017558
5100	0.00362622	0.00038203
5200	0.00239889	0.00042423
5300	0.002815	0.00035309
5400	0.00235986	0.00022147
5500	0.00326781	0.00018648
5600	0.00304118	0.0001764
5700	0.00286036	0.00055576
5800	0.00307184	0.00035975
5900	0.00246875	0.00026759
6000	0.0034218	0.0001838
6100	0.0027203	0.00047209
6200	0.00260407	0.00042964
6300	0.00343708	0.00026631
6400	0.00238065	0.00018992
6500	0.0031706	0.00039747
6600	0.00236393	0.00048641
6700	0.00367448	0.00028223
6800	0.003143	0.0002184
6900	0.00358859	0.00017284
7000	0.00236207	0.0004832
7100	0.00304261	0.00044938
7200	0.00236875	0.00027618
7300	0.00263085	0.0001908
7400	0.00343955	0.00048392
7500	0.00267378	0.00042913
7600	0.00301848	0.0002697
7700	0.00240053	0.00019517
7800	0.00379838	0.00017984
7900	0.0023777	0.00039047
8000	0.00292792	0.00049987
8100	0.00249088	0.00029455
8200	0.00242313	0.00023498
8300	0.00295127	0.00047558
8400	0.00270708	0.00040037
8500	0.00298137	0.0003198
8600	0.00245187	0.00019594
8700	0.00309974	0.00017852
8800	0.00257721	0.00018334
8900	0.00299762	0.00055163
9000	0.00235513	0.00036491
9100	0.00230598	0.00026019
9200	0.00313618	0.00017752
9300	0.00257453	0.000178
9400	0.00297858	0.00017259
9500	0.0027946	0.00017493
9600	0.00375796	0.00017677
9700	0.00224018	0.00018845
9800	0.00288094	0.00017388
9900	0.0024102	0.00017137
10000	0.00249482	0.00017087
10100	0.00318576	0.00017499
10200	0.00263199	0.00017908
10300	0.00350642	0.00017596
10400	0.00245109	0.00017786
10500	0.00355847	0.00018012
10600	0.00209843	0.00017204
10700	0.00350646	0.00018203
10800	0.00291645	0.0001774
10900	0.0026288	0.00018162
11000	0.00350697	0.00018329
11100	0.00243901	0.00018127
11200	0.00306619	0.00016478
11300	0.00290657	0.0001836
11400	0.00307153	0.00018458
11500	0.00249901	0.00017731
11600	0.00371001	0.00017527
11700	0.00277188	0.00016909
11800	0.00278048	0.00017784
11900	0.00371467	0.00017778
12000	0.00257651	0.00017052
12100	0.00370666	0.00017527
12200	0.00241093	0.00017132
12300	0.0037455	0.00017235
12400	0.00233343	0.00018068
12500	0.00356526	0.00018184
12600	0.00301474	0.00017522
12700	0.00318076	0.00017167
12800	0.00333674	0.00017562
12900	0.0025455	0.00018133
13000	0.00338927	0.00017425
13100	0.00245079	0.00017656
13200	0.00339555	0.00018144
13300	0.0038716	0.00018638
13400	0.00400334	0.00018467
13500	0.00288644	0.00017636
13600	0.00352409	0.00018651
13700	0.00278007	0.00017659
13800	0.00280062	0.00017558
13900	0.00300973	0.00017044
14000	0.00310158	0.00017175
14100	0.00329892	0.00018689
14200	0.00251494	0.00046378
14300	0.00434649	0.00037014
14400	0.00274469	0.00028276
14500	0.00383847	0.00020325
14600	0.002704	0.00018703
14700	0.00397314	0.00036488
14800	0.00318423	0.00043943
14900	0.00273045	0.00027435
15000	0.00470192	0.00019812
15100	0.00277078	0.00019127
15200	0.00353054	0.0001753
15300	0.00383866	0.00017232
15400	0.00469148	0.00017105
15500	0.00274278	0.00018061
15600	0.00439512	0.00017415
15700	0.0026669	0.00017986
15800	0.00363242	0.00017389
15900	0.00427723	0.0001742
16000	0.00346263	0.00017878
16100	0.00422127	0.00027976
16200	0.00386171	0.00053135
16300	0.00486112	0.00033664
16400	0.00291401	0.0002427
16500	0.00396878	0.00017523
16600	0.00348843	0.00017563
16700	0.00477514	0.00016694
16800	0.00297466	0.00017157
16900	0.00334832	0.00047976
17000	0.00365863	0.00039425
17100	0.00453919	0.00032947
17200	0.00453417	0.00018396
17300	0.00381633	0.00017585
17400	0.00433766	0.00018343
17500	0.00281312	0.00017875
17600	0.00491412	0.00017578
17700	0.0032951	0.00017066
17800	0.00313429	0.00018347
17900	0.003751	0.00018165
18000	0.00398577	0.00018253
18100	0.0045649	0.00017318
18200	0.00272883	0.00017954
18300	0.00425883	0.00017622
18400	0.00395976	0.0001817
18500	0.00467354	0.00017305
18600	0.00280415	0.00018216
18700	0.00336017	0.0001874
18800	0.00479888	0.00017534
18900	0.00483377	0.00018256
19000	0.00406694	0.00017731
19100	0.00320555	0.00017974
19200	0.00517853	0.00017096
19300	0.00467448	0.00017727
19400	0.00432534	0.00017961
19500	0.00310376	0.00018068
19600	0.00503554	0.00017427
19700	0.00419731	0.0001887
19800	0.00374729	0.00017887
19900	0.00434798	0.0001869
20000	0.00328495	0.00017189
20100	0.00590469	0.00017855
20200	0.00387728	0.00017481
20300	0.00421498	0.00018764
20400	0.00329175	0.00017257
20500	0.00501317	0.00017113
20600	0.00405444	0.00017159
20700	0.00331963	0.00018015
20800	0.00411232	0.00017555
20900	0.00414945	0.00018135
21000	0.00506714	0.00017213
21100	0.00345191	0.00017799
21200	0.00411059	0.00017481
21300	0.00485586	0.00017837
21400	0.00479176	0.00017419
21500	0.00391533	0.00018356
21600	0.00351204	0.00018342
21700	0.0046689	0.00017867
21800	0.00386703	0.00017294
21900	0.00496792	0.00017564
22000	0.00320969	0.00017872
22100	0.00598454	0.00018238
22200	0.00338741	0.00018084
22300	0.00427066	0.00017397
22400	0.00390847	0.0001759
22500	0.00412038	0.00048293
22600	0.00514459	0.00040781
22700	0.00315469	0.00030164
22800	0.00530721	0.00018145
22900	0.00367649	0.00017654
23000	0.00496363	0.00017796
23100	0.00400831	0.00019147
23200	0.00462044	0.00037129
23300	0.00338156	0.00042624
23400	0.00650345	0.00034312
23500	0.00480197	0.00024897
23600	0.0035391	0.00018657
23700	0.00612714	0.00017987
23800	0.0048139	0.00017339
23900	0.00486188	0.00018007
24000	0.00352135	0.00018617
24100	0.00682945	0.00016214
24200	0.00318666	0.00017174
24300	0.00505813	0.00017749
24400	0.00450813	0.00017955
24500	0.00389771	0.00018173
24600	0.00451664	0.00016906
24700	0.00374629	0.00017667
24800	0.00600697	0.00017065
24900	0.00451491	0.00017806
25000	0.00549574	0.00018487
25100	0.00363042	0.00018196
25200	0.00496269	0.00017987
25300	0.00535495	0.00017887
25400	0.00437445	0.00018029
25500	0.00437388	0.00016612
25600	0.00344055	0.00017095
25700	0.00689455	0.00028237
25800	0.00327591	0.00045078
25900	0.00605047	0.00034849
26000	0.00432095	0.00027948
26100	0.00529139	0.00017092
26200	0.00421079	0.00017925
26300	0.00575058	0.00018763
26400	0.00410846	0.00018391
26500	0.0054823	0.00017771
26600	0.00360402	0.00017825
26700	0.00639754	0.00017789
26800	0.0058954	0.00017754
26900	0.00326281	0.00018198
27000	0.00605165	0.00017772
27100	0.00425368	0.00018905
27200	0.00563274	0.00018055
27300	0.00429686	0.00018494
27400	0.00622293	0.00017558
27500	0.00378647	0.00018023
27600	0.00413101	0.00017126
27700	0.00590979	0.00018507
27800	0.00509345	0.00017738
27900	0.00576707	0.00018418
28000	0.00381689	0.0001791
28100	0.00845791	0.00018173
28200	0.00475518	0.00017644
28300	0.0060853	0.00017601
28400	0.00538962	0.00017658
28500	0.00327825	0.00018482
28600	0.00698347	0.00018261
28700	0.0044894	0.00018001
28800	0.00652717	0.00018345
28900	0.00416968	0.00018399
29000	0.006515	0.00017595
29100	0.00553633	0.00018254
29200	0.005769	0.00017182
29300	0.00511055	0.00017263
29400	0.00498918	0.00028295
29500	0.00579949	0.00043541
29600	0.00306291	0.00038309
29700	0.01525555	0.0002445
29800	0.03780969	0.00018398
29900	0.05512509	0.00016829
30000	0.0403102	0.00018171
30100	0.04058956	0.00026864
30200	0.06210442	0.0004436
30300	0.09491205	0.00037312
30400	0.06572792	0.00027607
30500	0.12944495	0.0003931
30600	0.03415963	0.00041943
30700	0.04314983	0.00035895
30800	0.04453416	0.00024484
30900	0.0489466	0.00018116
31000	0.04150004	0.00054573
31100	0.08090655	0.00036119
31200	0.08462447	0.00027556
31300	0.10693098	0.00027775
31400	0.06035338	0.00043461
31500	0.11909923	0.00040271
31600	0.03750799	0.00023592
31700	0.05730765	0.00018219
31800	0.04721042	0.0001826
31900	0.04997392	0.00018447
32000	0.03772326	0.00017171
32100	0.04552385	0.00017786
32200	0.03174776	0.0004763
32300	0.06383403	0.00040028
32400	0.07181923	0.00031471
32500	0.07870567	0.00018631
32600	0.06109147	0.00038229
32700	0.05307846	0.0004284
32800	0.0718807	0.00035892
32900	0.08073085	0.0002329
33000	0.05933481	0.00017637
33100	0.08409155	0.00018053
33200	0.07340209	0.00017197
33300	0.09283663	0.00056016
33400	0.0540014	0.00035804
33500	0.04493831	0.00026969
33600	0.04899841	0.00021018
33700	0.05411905	0.0001902
33800	0.04321323	0.00017134
33900	0.04428585	0.00018063
34000	0.03593463	0.00017794
34100	0.05151416	0.00049907
34200	0.0533093	0.00039478
34300	0.05182295	0.00031886
34400	0.05173085	0.00018752
34500	0.03971266	0.00018086
34600	0.04810075	0.00018147
34700	0.05413835	0.0005
34800	0.04827558	0.00043021
34900	0.09390748	0.00027681
35000	0.05327574	0.00019282
35100	0.04796071	0.00018171
35200	0.03721245	0.00017895
35300	0.05236187	0.00017322
35400	0.04627239	0.00017837
35500	0.04183691	0.00017647
35600	0.0501404	0.0001717
35700	0.04074476	0.00019053
35800	0.04747648	0.00016535
35900	0.05252647	0.00018103
36000	0.05379592	0.00017973
36100	0.05344831	0.00017727
36200	0.05476427	0.00016956
36300	0.08693747	0.00018098
36400	0.03832527	0.00017694
36500	0.04542968	0.00017733
36600	0.04579794	0.00018062
36700	0.04662112	0.00017395
36800	0.05290471	0.00017105
36900	0.0620318	0.00017722
37000	0.05244181	0.00018799
37100	0.05683283	0.00018274
37200	0.04470859	0.00017388
37300	0.03722018	0.00027927
37400	0.05591957	0.00042835
37500	0.04921607	0.00034675
37600	0.04069415	0.00026083
37700	0.07240486	0.00037511
37800	0.04418957	0.00041141
37900	0.05465051	0.00033733
38000	0.05382703	0.00023974
38100	0.03893865	0.00017505
38200	0.06529801	0.00028007
38300	0.08206301	0.00045896
38400	0.04572963	0.00035571
38500	0.06040753	0.00026324
38600	0.05696926	0.00047617
38700	0.05067879	0.0003815
38800	0.05321305	0.00029141
38900	0.05373741	0.00022612
39000	0.04759324	0.00026768
39100	0.04120869	0.00042517
39200	0.06776703	0.0003376
39300	0.04472759	0.0002546
39400	0.0528495	0.00018409
39500	0.05325024	0.00017101
39600	0.05123352	0.00017676
39700	0.05719918	0.00017493
39800	0.06742813	0.00017635
39900	0.04961927	0.00017417
40000	0.07936185	0.00017066
40100	0.05656053	0.00018726
40200	0.05523139	0.00018017
40300	0.05194288	0.00018287
40400	0.04242895	0.0001659
40500	0.09113062	0.00036866
40600	0.04793825	0.00041504
40700	0.05632817	0.00034141
40800	0.04171864	0.00025384
40900	0.07764199	0.00016975
41000	0.04745683	0.00018054
41100	0.09600279	0.00017714
41200	0.05637684	0.00018474
41300	0.04221883	0.00017724
41400	0.05579313	0.00017857
41500	0.05639809	0.0001815
41600	0.05337794	0.00017763
41700	0.04438711	0.00018394
41800	0.06395006	0.0001763
41900	0.0447983	0.00017574
42000	0.04830535	0.00018067
42100	0.04717611	0.00017634
42200	0.05442081	0.00017627
42300	0.07016258	0.00016895
42400	0.04593302	0.00017714
42500	0.04942237	0.00017972
42600	0.04932187	0.00018081
42700	0.0670064	0.00018633
42800	0.03976261	0.00017415
42900	0.05523215	0.00018539
43000	0.05587291	0.00017717
43100	0.05758037	0.00017638
43200	0.05696589	0.00016878
43300	0.06035943	0.00017498
43400	0.04492473	0.00016878
43500	0.05138071	0.00017479
43600	0.06214165	0.00017557
43700	0.05178564	0.00017447
43800	0.06348916	0.00017674
43900	0.05275912	0.00017098
44000	0.05198643	0.00018207
44100	0.07988	0.00055786
44200	0.05198578	0.00037328
44300	0.08224938	0.00027622
44400	0.04326116	0.0001929
44500	0.07617357	0.00018984
44600	0.05271277	0.00017363
44700	0.05661874	0.00017627
44800	0.04487035	0.0001721
44900	0.06284656	0.00018205
45000	0.05059813	0.00018534
45100	0.05286551	0.00017445
45200	0.07502677	0.00017804
45300	0.05147593	0.00037481
45400	0.05045419	0.00043104
45500	0.05673911	0.00035953
45600	0.046745	0.00021573
45700	0.06219539	0.00038835
45800	0.05400333	0.00042553
45900	0.05697247	0.00032248
46000	0.05728694	0.00023073
46100	0.04560672	0.00017943
46200	0.04265445	0.00017704
46300	0.05355726	0.00017196
46400	0.05289586	0.00017071
46500	0.04872498	0.00018259
46600	0.05482482	0.00017501
46700	0.05825411	0.00018537
46800	0.08241261	0.0004617
46900	0.0429128	0.00039454
47000	0.06031246	0.00030374
47100	0.05498735	0.0003134
47200	0.05062377	0.00043883
47300	0.06537493	0.00040206
47400	0.04925566	0.00023588
47500	0.04914527	0.00017993
47600	0.04487185	0.0001818
47700	0.04242214	0.00018024
47800	0.05792769	0.00017814
47900	0.06229287	0.00018411
48000	0.05008929	0.00028544
48100	0.05033726	0.0004661
48200	0.07009104	0.0004282
48300	0.05073439	0.00023221
48400	0.06511777	0.00018615
48500	0.05996634	0.00017989
48600	0.04954223	0.00017561
48700	0.07424012	0.00017228
48800	0.07842139	0.00017845
48900	0.07677884	0.00017461
49000	0.06507742	0.00018246
49100	0.07418642	0.00017242
49200	0.07524224	0.00017198
49300	0.06248011	0.00017409
49400	0.07868886	0.00017816
49500	0.045755	0.00018092
49600	0.05893645	0.00017358
49700	0.05431886	0.00018468
49800	0.06986096	0.00018167
49900	0.05297897	0.00018343
50000	0.06069312	0.00018222
50100	0.05828402	0.00016663
50200	0.06995528	0.00018055
50300	0.07658315	0.00018633
50400	0.05386737	0.00017586
50500	0.04907449	0.00017988
50600	0.06496837	0.00017342
50700	0.05583598	0.00017082
50800	0.0599587	0.00017494
50900	0.08375249	0.00017981
51000	0.04580767	0.00017308
51100	0.04713041	0.00017339
51200	0.05766458	0.00018339
51300	0.04400558	0.00017466
51400	0.08686388	0.00017213
51500	0.05930232	0.00017741
51600	0.05285763	0.00018938
51700	0.06471569	0.0001847
51800	0.06696163	0.00017577
51900	0.06377339	0.00017167
52000	0.04367113	0.00018041
52100	0.06850166	0.00046915
52200	0.04374475	0.00041331
52300	0.05450502	0.00029114
52400	0.06525113	0.00019873
52500	0.05221031	0.00018013
52600	0.05074729	0.0001791
52700	0.04632676	0.00017782
52800	0.04637482	0.00017616
52900	0.07077561	0.00017384
53000	0.05652153	0.0001802
53100	0.0575603	0.0001824
53200	0.07210766	0.00017829
53300	0.06047843	0.00016837
53400	0.06126681	0.00047307
53500	0.06493225	0.00039348
53600	0.06040608	0.00029972
53700	0.06798028	0.00021805
53800	0.05212852	0.0001814
53900	0.05946812	0.00018307
54000	0.06476588	0.00017412
54100	0.08555003	0.00017785
54200	0.06382537	0.00017675
54300	0.04829773	0.00018314
54400	0.05412217	0.00018177
54500	0.07157506	0.00018556
54600	0.04878939	0.00017575
54700	0.07777208	0.00017574
54800	0.08353757	0.00018192
54900	0.04583814	0.0001889
55000	0.08392701	0.00017824
55100	0.0560754	0.00018656
55200	0.06733023	0.00017939
55300	0.07141435	0.00018192
55400	0.06486373	0.00019045
55500	0.04699432	0.00018997
55600	0.04464549	0.00037517
55700	0.06857569	0.00042364
55800	0.07266999	0.00035883
55900	0.06874583	0.00026098
56000	0.06781348	0.00018099
56100	0.06045416	0.00017695
56200	0.07241849	0.00017439
56300	0.09123275	0.00018597
56400	0.07323185	0.00018544
56500	0.06152301	0.00018525
56600	0.05726356	0.00038095
56700	0.06581438	0.0004216
56800	0.08406817	0.00035286
56900	0.06888263	0.00022841
57000	0.04023511	0.00017363
57100	0.08717921	0.00018532
57200	0.06712531	0.00018549
57300	0.0640739	0.00018507
57400	0.06737222	0.00018677
57500	0.07150048	0.00018161
57600	0.0464043	0.0001788
57700	0.06022235	0.00017837
57800	0.08280905	0.00018244
57900	0.07581694	0.00017765
58000	0.0673525	0.00018104
58100	0.05209305	0.00018234
58200	0.04680158	0.00017982
58300	0.08121163	0.00018135
58400	0.08797763	0.00018474
58500	0.05597457	0.00017828
58600	0.04113521	0.00018337
58700	0.05662945	0.00018242
58800	0.05510315	0.00017904
58900	0.06444617	0.00018029
59000	0.06400879	0.00018304
59100	0.0119565	0.00018002
59200		0.00018677
59300		0.00017551
59400		0.00017777
59500		0.00017762
59600		0.00018112
59700		0.00018429
59800		0.00017877
59900		0.00018166
60000		0.0001834
60100		0.00018432
60200		0.00017566
60300		0.00017841
60400		0.00017697
60500		0.00018239
60600		0.00018098
60700		0.00017362
60800		0.00017912
60900		0.00019224
61000		0.00017924
61100		0.00017208
61200		0.00018506
61300		0.00017823
61400		0.00018131
61500		0.00017867
61600		0.00017075
61700		0.00017676
61800		0.00018546
61900		0.00017863
62000		0.00018378
62100		0.00048367
62200		0.00040148
62300		0.000387286